              precision    recall  f1-score   support

           0     0.8889    0.9796    0.9320        49
           1     0.9605    0.9865    0.9733        74
           2     0.9286    0.9701    0.9489        67
           3     0.9362    0.8980    0.9167        49
           4     0.9692    0.9844    0.9767        64
           5     0.9538    0.9394    0.9466        66
           6     0.9818    0.9818    0.9818        55
           7     0.9057    0.8889    0.8972        54
           8     0.9783    0.8654    0.9184        52
           9     0.9275    0.9143    0.9209        70

    accuracy                         0.9433       600
   macro avg     0.9431    0.9408    0.9412       600
weighted avg     0.9440    0.9433    0.9431       600
