              precision    recall  f1-score   support

           0     0.9412    0.9796    0.9600        49
           1     0.9865    0.9865    0.9865        74
           2     0.9429    0.9851    0.9635        67
           3     0.9400    0.9592    0.9495        49
           4     0.9844    0.9844    0.9844        64
           5     0.9552    0.9697    0.9624        66
           6     0.9818    0.9818    0.9818        55
           7     0.9800    0.9074    0.9423        54
           8     0.9600    0.9231    0.9412        52
           9     0.9710    0.9571    0.9640        70

    accuracy                         0.9650       600
   macro avg     0.9643    0.9634    0.9636       600
weighted avg     0.9653    0.9650    0.9649       600
